READ TERR 1 2
! xrtwtflux
96.191	3.353	-2.73	2.19951627664308e-10	4.06202627572793e-11	-4.10795233755604e-11
109.122	3.160	-9.579	2.37121213591785e-10	4.48592760218286e-11	-4.50121599647402e-11
115.419	2.529	-3.137	2.79106498775245e-10	5.27726099867481e-11	-5.29252232669799e-11
119.937	3.060	-1.989	3.2682511327409e-10	6.17760677919788e-11	-6.19381351253968e-11
126.827	3.232	-3.829	2.18815655388879e-10	4.13493733689303e-11	-4.14485811683654e-11
133.693	4.167	-3.634	1.89153237219979e-10	3.46291508150986e-11	-3.47196482383536e-11
139.903	3.060	-2.043	2.73366069738588e-10	5.33595056813511e-11	-5.34886351766419e-11
145.675	2.815	-2.712	2.70236209840359e-10	4.94965392531668e-11	-4.96458954255485e-11
152.360	3.238	-3.869	2.12803916872798e-10	4.02579297718634e-11	-4.03939671989221e-11
160.400	4.718	-4.802	1.65595288357408e-10	3.03651904163868e-11	-3.04887312919619e-11
169.822	11.262	-4.703	1.59738949021747e-10	2.93356316126564e-11	-2.94987915269373e-11
185.834	5.882	-4.75	1.38435746266841e-10	2.62609047518555e-11	-2.6420844132138e-11
197.027	5.479	-5.312	1.31021406416351e-10	2.56888172227408e-11	-2.5863592884195e-11
210.428	7.879	-7.922	1.49860351929825e-10	2.84701290515908e-11	-2.86872232603219e-11
226.519	8.489	-8.212	1.40516624429475e-10	2.58820202297447e-11	-2.61051214311049e-11
240.760	6.648	-5.752	1.06949810313746e-10	2.24053545694785e-11	-2.25603880182287e-11
265.472	12.888	-18.064	7.98881641571486e-11	1.47021703545892e-11	-1.48157918787692e-11
286.429	7.646	-8.069	8.47163492187051e-11	1.77431592076406e-11	-1.78613159839894e-11
NO NO NO NO NO NO
! xrtwtgamma
96.191	3.353	-2.73	2.36938536594254	0.457421201146994	-0.352617860702492
109.122	3.160	-9.579	1.91693411525527	0.205160072421092	-0.157962123999825
115.419	2.529	-3.137	1.71568553244089	0.219417016893624	-0.164398254709297
119.937	3.060	-1.989	1.57794707764055	0.28429097470914	-0.211832518139923
126.827	3.232	-3.829	1.79076021038242	0.200440112604317	-0.151573140170656
133.693	4.167	-3.634	2.02718009788961	0.22090121307935	-0.172773811781732
139.903	3.060	-2.043	2.03838006912104	0.200028468306213	-0.15619485793889
145.675	2.815	-2.712	1.94490378889575	0.197891794327071	-0.151924085488067
152.360	3.238	-3.869	1.85344683770118	0.264381133543388	-0.201799391216038
160.400	4.718	-4.802	1.85231794495013	0.196114768929166	-0.149691261849554
169.822	11.262	-4.703	1.85106489859407	0.247952996712163	-0.189256399099711
185.834	5.882	-4.75	2.11404191683274	0.194285796274051	-0.149704953587668
197.027	5.479	-5.312	2.31541988370673	0.194342263422083	-0.152688826334553
210.428	7.879	-7.922	2.5062451583518	0.244401168209033	-0.193243671134509
226.519	8.489	-8.212	2.37614646607167	0.187086183106573	-0.147317883169996
240.760	6.648	-5.752	2.26849475035819	0.189264647053077	-0.147780284811559
265.472	12.888	-18.064	2.09598015417903	0.278078000477511	-0.216229708569706
286.429	7.646	-8.069	1.96182757729388	0.37922965213014	-0.295217199349572
NO NO NO NO NO NO
! xrtpcflux_incbad
185.797	121.919	-83.703	9.80140559861889e-11	2.20692077106964e-11	-2.20692077106964e-11
328.073	19.759	-20.358	5.15677419238642e-11	1.15442015726337e-11	-1.15442015726337e-11
370.889	37.118	-23.057	3.35953282353123e-11	7.5382078724169e-12	-7.5382078724169e-12
437.546	45.681	-29.538	2.765035330141e-11	6.08724732512069e-12	-6.08724732512069e-12
521.667	41.794	-38.44	2.55212840643666e-11	5.77326105608415e-12	-5.77326105608415e-12
606.201	47.523	-42.74	2.36542900113273e-11	5.31375638183688e-12	-5.31375638183688e-12
724.099	87.586	-70.375	1.31152730098177e-11	2.97378650953539e-12	-2.97378650953539e-12
898.709	75.952	-87.023	1.02672820250274e-11	2.31456448184054e-12	-2.31456448184054e-12
1038.351	56.661	-63.69	9.70415505208526e-12	2.13438260617325e-12	-2.13438260617325e-12
1152.083	65.787	-57.072	1.03455998349793e-11	2.27033013847836e-12	-2.27033013847836e-12
1287.621	38.064	-69.751	1.2630020390957e-11	2.77477484590771e-12	-2.77477484590771e-12
1372.941	78.110	-47.256	1.01383664028691e-11	2.28314545990912e-12	-2.28314545990912e-12
1518.787	87.717	-67.737	7.87568960864629e-12	1.77992745081043e-12	-1.77992745081043e-12
1711.171	90.904	-104.667	4.48361116123392e-12	1.17239412395657e-12	-1.17239412395657e-12
1877.106	105.496	-75.031	6.29490901927116e-12	1.41928789447646e-12	-1.41928789447646e-12
2065.808	69.741	-83.206	7.17506427967035e-12	1.62158464848644e-12	-1.62158464848644e-12
2337.290	216.970	-201.741	3.99284636825314e-12	7.28766241862523e-13	-7.28766241862523e-13
6026.579	215.137	-316.432	1.76972040243505e-12	4.63301114851693e-13	-4.63301114851693e-13
6439.455	133.226	-197.739	2.58259534882217e-12	6.71247279721524e-13	-6.71247279721524e-13
6769.279	159.441	-196.597	2.38987626166546e-12	6.24263483666413e-13	-6.24263483666413e-13
7049.557	152.461	-120.837	3.12982482273821e-12	8.13029418809117e-13	-8.13029418809117e-13
7344.645	195.861	-142.627	2.51855243037125e-12	6.56780645209687e-13	-6.56780645209687e-13
7909.793	428.023	-369.288	2.01831539318025e-12	3.86543655548842e-13	-3.86543655548842e-13
11929.255	198.441	-298.964	2.61257481735003e-12	6.84161283062602e-13	-6.84161283062602e-13
12244.207	124.191	-116.511	5.19016055616858e-12	1.16644562086286e-12	-1.16644562086286e-12
12567.068	210.022	-198.67	2.22484624009096e-12	5.81963484695324e-13	-5.81963484695324e-13
12958.196	147.353	-181.106	2.70666591972198e-12	7.04790225766326e-13	-7.04790225766326e-13
13332.422	252.025	-226.873	1.80790680397532e-12	4.7290275062355e-13	-4.7290275062355e-13
13799.001	324.504	-214.554	2.34886857871123e-12	5.05031175348566e-13	-5.05031175348566e-13
17616.287	188.136	-210.526	2.32749606216643e-12	6.11558498782749e-13	-6.11558498782749e-13
18063.958	196.797	-259.534	2.09087275242202e-12	5.45774324640699e-13	-5.45774324640699e-13
18606.030	329.193	-345.275	1.41989671853495e-12	3.73083364727405e-13	-3.73083364727405e-13
19382.463	525.583	-447.24	1.4245166524847e-12	3.09772165178698e-13	-3.09772165178698e-13
23595.718	308.934	-322.909	1.75838673916816e-12	4.62251761341722e-13	-4.62251761341722e-13
24183.998	304.857	-279.347	2.01731724493478e-12	5.27420615574388e-13	-5.27420615574388e-13
25139.124	553.229	-650.268	1.44228918630483e-12	3.07673407159818e-13	-3.07673407159818e-13
29753.160	408.794	-792.789	1.01426538028068e-12	2.69930132595224e-13	-2.69930132595224e-13
30868.900	609.382	-706.946	1.19452131891881e-12	2.66649016812569e-13	-2.66649016812569e-13
35603.844	446.757	-637.093	1.02068484510783e-12	2.70176725849829e-13	-2.70176725849829e-13
36693.819	570.312	-643.217	1.37126776815362e-12	2.69624693512725e-13	-2.69624693512725e-13
42081.494	965.630	-1146.878	8.79592004555299e-13	1.65008338210947e-13	-1.65008338210947e-13
47994.915	837.265	-1003.093	8.30668077063096e-13	1.83699648826318e-13	-1.83699648826318e-13
53709.738	909.750	-755.097	6.72684874837952e-13	1.77458059106446e-13	-1.77458059106446e-13
58446.736	581.942	-679.019	6.47853270633455e-13	1.76764676896186e-13	-1.76764676896186e-13
59842.444	560.229	-813.767	6.74014106131856e-13	1.68717793340171e-13	-1.68717793340171e-13
64729.279	993.167	-1175.647	4.00015376094914e-13	1.07051520171659e-13	-1.07051520171659e-13
76568.317	1192.761	-1441.84	5.20435629158189e-13	1.12246341198318e-13	-1.12246341198318e-13
82577.355	866.090	-1523.857	5.66776871701956e-13	1.28753654358061e-13	-1.28753654358061e-13
91385.079	3637.680	-4018.477	3.48401233354044e-13	7.49330948843838e-14	-7.49330948843838e-14
105399.243	6963.247	-6511.899	2.09290549984976e-13	4.90474493662976e-14	-4.90474493662976e-14
124067.564	5696.080	-7841.026	1.99321287420463e-13	4.74107044048243e-14	-4.74107044048243e-14
146363.647	6498.059	-12551.409	1.50661985735678e-13	3.84591606797644e-14	-3.84591606797644e-14
163045.518	7157.188	-6381.556	1.68712217399273e-13	4.51776517219689e-14	-4.51776517219689e-14
182670.000	16512.538	-8955.658	1.06401721627296e-13	2.80879594782041e-14	-2.80879594782041e-14
210042.206	6480.366	-7422.051	2.07510703346262e-13	5.36876761863862e-14	-5.36876761863862e-14
231441.985	19761.423	-10902.232	8.83015048232606e-14	2.53462384456503e-14	-2.53462384456503e-14
260910.719	7692.174	-6201.69	2.33840287466271e-13	5.52176468029982e-14	-5.52176468029982e-14
283094.754	20186.904	-11044.143	1.11123912885312e-13	2.87536627460149e-14	-2.87536627460149e-14
320246.284	17777.743	-12982.49	8.62696767472937e-14	2.41590508111574e-14	-2.41590508111574e-14
364005.537	20277.212	-22555.75	6.10660384827428e-14	1.69188498523556e-14	-1.69188498523556e-14
409820.151	26543.006	-21531.01	4.94654724300326e-14	1.48443302899209e-14	-1.48443302899209e-14
474418.657	25542.871	-34551.192	4.7029452048048e-14	1.37700609318926e-14	-1.37700609318926e-14
546424.347	34223.708	-42979.998	3.36151921999516e-14	1.07151855393564e-14	-1.07151855393564e-14
655088.389	105093.237	-70621.825	1.42841397699325e-14	6.71887117437023e-15	-5.65057326924043e-15
847710.304	74533.504	-83956.483	2.00000152906196e-14	6.98071331707019e-15	-6.98071331707019e-15
NO NO NO NO NO NO
! xrtpcgamma_incbad
185.797	121.919	-83.703	1.59499522575003	0.57684977809825	-0.414599554532127
328.073	19.759	-20.358	1.95510305980935	0.238877926478822	-0.173390945068514
370.889	37.118	-23.057	2.03279330449455	0.251146562271564	-0.184533015547128
437.546	45.681	-29.538	2.12705644600478	0.319407575579961	-0.23582775757008
521.667	41.794	-38.44	1.95076970090282	0.239073040572204	-0.173618971594209
606.201	47.523	-42.74	1.80021249796765	0.306344317451411	-0.218595053977546
724.099	87.586	-70.375	1.85728407348327	0.268365780531969	-0.192176422015735
898.709	75.952	-87.023	2.05538747445429	0.267836392968587	-0.197285963406309
1038.351	56.661	-63.69	1.99417639334595	0.264244357326821	-0.194655921247703
1152.083	65.787	-57.072	1.73374465965975	0.243349079154976	-0.175524549941803
1287.621	38.064	-69.751	1.49671198686997	0.316520535931115	-0.226381418826784
1372.941	78.110	-47.256	1.54321039071979	0.248220306264589	-0.176895530978534
1518.787	87.717	-67.737	1.61637774922804	0.331702329513539	-0.234659456786138
1711.171	90.904	-104.667	1.74586306517602	0.253325161853274	-0.181340271743272
1877.106	105.496	-75.031	1.85091123438046	0.211271806245801	-0.158329997342534
2065.808	69.741	-83.206	1.95963329855771	0.245878769508934	-0.190469617787408
2337.290	216.970	-201.741	1.98216067428022	0.239364071588335	-0.185372301373557
6026.579	215.137	-316.432	1.97993834521579	0.31666876006584	-0.23059122383974
6439.455	133.226	-197.739	1.97977142374497	0.335138407424402	-0.244001795071972
6769.279	159.441	-196.597	1.97842324439232	0.250717932506274	-0.183126131611783
7049.557	152.461	-120.837	1.97732824611699	0.228222069679358	-0.168253238017236
7344.645	195.861	-142.627	1.97622146655086	0.260714108054313	-0.193657922572443
7909.793	428.023	-369.288	1.94133349627439	0.283184040867218	-0.210454999263071
11929.255	198.441	-298.964	1.62619748466081	0.341994532005669	-0.241985203256834
12244.207	124.191	-116.511	1.62747696998623	0.329407728032293	-0.233137020660996
12567.068	210.022	-198.67	1.6876621689685	0.248455321715861	-0.178012064396569
12958.196	147.353	-181.106	1.75853525433057	0.227639690538711	-0.169924109960877
13332.422	252.025	-226.873	1.82163327111819	0.283518953862996	-0.214400309629782
13799.001	324.504	-214.554	1.86386859201345	0.255826604572716	-0.193480642535719
17616.287	188.136	-210.526	2.1637470312651	0.250441042928662	-0.190666809950029
18063.958	196.797	-259.534	2.19456005294119	0.26963384759308	-0.205311157371661
18606.030	329.193	-345.275	2.21800187626948	0.284399533049736	-0.216560205791205
19382.463	525.583	-447.24	2.17141079463604	0.247327947586957	-0.188071855905898
23595.718	308.934	-322.909	1.94725128287501	0.27993463931011	-0.206687847081682
24183.998	304.857	-279.347	1.91918707072082	0.305911820506117	-0.225755137434955
25139.124	553.229	-650.268	1.90099708988162	0.288777102532653	-0.213180612498789
29753.160	408.794	-792.789	1.86031043309435	0.197200944360505	-0.150779183202411
30868.900	609.382	-706.946	1.85142174405241	0.204185794118952	-0.15778484933311
35603.844	446.757	-637.093	1.83014369617212	0.208802444239482	-0.161611239794321
36693.819	570.312	-643.217	1.82922034165271	0.19948788064667	-0.152969479555938
42081.494	965.630	-1146.878	1.8250253309395	0.263533721046628	-0.193712995814741
47994.915	837.265	-1003.093	1.87026389875716	0.248872374474595	-0.181903301383459
53709.738	909.750	-755.097	1.93988007378612	0.273214572864135	-0.196836301922851
58446.736	581.942	-679.019	1.97521425721496	0.328276310768074	-0.236096517991185
59842.444	560.229	-813.767	1.96810001506359	0.300888185581776	-0.216565989815934
64729.279	993.167	-1175.647	1.94443591046933	0.237624677235279	-0.172937048071036
76568.317	1192.761	-1441.84	1.90621234844389	0.287050903507555	-0.21408955468396
82577.355	866.090	-1523.857	1.94274248004028	0.234411806623753	-0.173345348754239
91385.079	3637.680	-4018.477	1.99174453897316	0.262598661037863	-0.18980184637706
105399.243	6963.247	-6511.899	2.00835402212723	0.302840362625033	-0.217860118592892
124067.564	5696.080	-7841.026	1.94215457462285	0.25267699525021	-0.181333623726924
146363.647	6498.059	-12551.409	1.86507147794219	0.341602682436948	-0.244835612545928
163045.518	7157.188	-6381.556	1.71014212769282	0.261821647826969	-0.186585090993869
182670.000	16512.538	-8955.658	1.54700709955328	0.270751658028637	-0.190015314212934
210042.206	6480.366	-7422.051	1.37504805385854	0.327956234026687	-0.229154224321894
231441.985	19761.423	-10902.232	1.32545807048521	0.255801616598492	-0.1793109693105
260910.719	7692.174	-6201.69	1.26419991606999	0.28476288708383	-0.200949133920848
283094.754	20186.904	-11044.143	1.27107985279225	0.324192266009581	-0.22887454084499
320246.284	17777.743	-12982.49	1.51379011327713	0.267405799663443	-0.185198980629459
364005.537	20277.212	-22555.75	1.7658893638654	0.360430591895367	-0.244738303775274
409820.151	26543.006	-21531.01	1.77468725606497	0.359066011542742	-0.242968632014785
474418.657	25542.871	-34551.192	1.59693054005524	0.315487567165992	-0.207120019779098
546424.347	34223.708	-42979.998	1.42532616438334	0.399141096574759	-0.255700680476198
655088.389	105093.237	-70621.825	1.20506168629122	0.602472424694407	-0.386056882565407
847710.304	74533.504	-83956.483	1.34091497458906	0.469572344897008	-0.300270260632447