READ TERR 1 2
! xrtwtflux
71.482	10.348	-8.817	1.28550591032853e-10	2.55974581433192e-11	-2.56006593588854e-11
89.385	5.904	-7.555	1.21261568800315e-10	2.41450439225573e-11	-2.41479782624098e-11
101.848	11.519	-6.559	1.49664366485983e-10	2.98023560608329e-11	-2.98060900555744e-11
125.485	10.328	-12.118	1.17607290433906e-10	2.27503873152986e-11	-2.27529574399427e-11
147.326	8.082	-11.512	1.59309183782085e-10	3.17358947249008e-11	-3.17385618324653e-11
168.806	8.869	-13.398	1.23447222409462e-10	2.86660372139226e-11	-2.86672563337125e-11
184.438	10.492	-6.764	2.14080870684766e-10	3.91228232110816e-11	-3.91255731187014e-11
215.126	18.678	-20.196	1.00060498927725e-10	1.99342619386619e-11	-1.99357246557788e-11
244.435	16.537	-10.631	1.32982992701664e-10	2.52647949745158e-11	-2.52669509632026e-11
279.571	9.783	-18.599	1.28346335836838e-10	2.34518509425163e-11	-2.34540571482603e-11
301.002	7.607	-11.647	1.41875622694891e-10	2.74500204243213e-11	-2.74523488444266e-11
317.373	15.511	-8.764	1.02156968226401e-10	1.92043100179485e-11	-1.92060194171271e-11
348.075	4.813	-15.191	1.23971928962684e-10	2.46956819795502e-11	-2.46978723901878e-11
379.877	9.566	-26.99	1.11473024510322e-10	2.03707636625219e-11	-2.03723210323846e-11
395.367	7.065	-5.924	1.32173279608397e-10	2.41497297250291e-11	-2.41522265790865e-11
419.791	10.084	-17.359	1.30462836220413e-10	2.59892463198943e-11	-2.5991458278867e-11
445.362	19.795	-15.487	8.98431698095968e-11	1.84372185877599e-11	-1.84385043292255e-11
481.771	11.704	-16.614	1.30465510557208e-10	2.67727655924289e-11	-2.67747685067116e-11
500.389	7.641	-6.914	1.36108264374825e-10	2.48716006822655e-11	-2.48736847309856e-11
532.519	15.948	-24.489	8.58217679871677e-11	1.76124281320028e-11	-1.7613576852773e-11
557.693	16.621	-9.226	8.52130502072825e-11	1.74896900128055e-11	-1.74904339147466e-11
606.816	43.670	-32.503	7.16849349646012e-11	1.38708886287397e-11	-1.38718356885081e-11
660.184	14.930	-9.698	8.40471826975382e-11	1.72478051846083e-11	-1.72490058304965e-11
690.182	11.090	-15.068	8.53574455791414e-11	1.65146477674823e-11	-1.65160921637966e-11
NO NO NO NO NO NO
! xrtwtgamma
71.482	10.348	-8.817	1.86091299185973	0.459826515984959	-0.337218638854583
89.385	5.904	-7.555	1.7386893892593	0.260505859743136	-0.191236416822747
101.848	11.519	-6.559	1.66731058089699	0.239583738291411	-0.177164327510385
125.485	10.328	-12.118	1.50599842453455	0.263785843040725	-0.19583938984818
147.326	8.082	-11.512	1.31789958288429	0.21250705613159	-0.159676262577784
168.806	8.869	-13.398	1.15835556563713	0.270452440093762	-0.204594653726751
184.438	10.492	-6.764	1.25661945081152	0.232018194801642	-0.175268820313549
215.126	18.678	-20.196	1.50774939361563	0.234774132773224	-0.175077778426141
244.435	16.537	-10.631	1.68069015370776	0.295906926360308	-0.220083250608071
279.571	9.783	-18.599	1.63152664139828	0.23839811465659	-0.177922245198519
301.002	7.607	-11.647	1.61762036649377	0.297914143582776	-0.22249245564259
317.373	15.511	-8.764	1.69091692844631	0.229574699206549	-0.171238469530724
348.075	4.813	-15.191	1.81871367766984	0.319297239726093	-0.237463485292999
379.877	9.566	-26.99	1.89220321646898	0.233094171813767	-0.17469940836446
395.367	7.065	-5.924	1.92485907721424	0.292780262578386	-0.22007627746344
419.791	10.084	-17.359	1.69049959460818	0.236381943155057	-0.176726498157215
445.362	19.795	-15.487	1.39454461410796	0.256348412891423	-0.188268434673654
481.771	11.704	-16.614	1.36100465887842	0.237898885330887	-0.174791237822334
500.389	7.641	-6.914	1.47791967536255	0.236907778262049	-0.175233589671045
532.519	15.948	-24.489	1.67278846071061	0.28724432510139	-0.213083877219101
557.693	16.621	-9.226	1.82330741936302	0.23337777002463	-0.173397531487363
606.816	43.670	-32.503	2.09839599977705	0.334535095170271	-0.249235592449629
660.184	14.930	-9.698	2.3730804569585	0.556314667324192	-0.414271669035567
690.182	11.090	-15.068	2.09966310673535	0.33541535949818	-0.249891414609278
NO NO NO NO NO NO
! xrtpcflux
134.958	68.432	-63.176	1.39888182965885e-10	3.12301142434285e-11	-3.12301142434285e-11
276.342	61.525	-72.953	9.56425816826213e-11	2.26183156964402e-11	-2.26183156964402e-11
415.986	69.216	-78.119	9.47153986551769e-11	2.2024315700485e-11	-2.2024315700485e-11
576.967	59.248	-91.765	5.27497129480923e-11	1.23028974423495e-11	-1.23028974423495e-11
682.628	36.936	-46.413	7.21954524376134e-11	1.66472584398715e-11	-1.66472584398715e-11
751.762	32.992	-32.198	4.50541789085546e-11	8.80530653747745e-12	-8.80530653747745e-12
3995.091	25.415	-32.254	2.44580609370738e-11	5.35783694446251e-12	-5.35783694446251e-12
4060.917	49.852	-40.412	1.45978744002773e-11	3.27744680582854e-12	-3.27744680582854e-12
4142.315	31.137	-31.546	2.08038698338833e-11	4.68029697567353e-12	-4.68029697567353e-12
4201.628	26.984	-28.177	2.34280145809457e-11	5.28679930593162e-12	-5.28679930593162e-12
4275.249	46.134	-46.636	1.37054461698209e-11	3.08963619824542e-12	-3.08963619824542e-12
4351.823	24.721	-30.44	2.33378379656404e-11	5.23438580678841e-12	-5.23438580678841e-12
4414.238	30.004	-37.694	1.90635308703424e-11	4.28440791960532e-12	-4.28440791960532e-12
4490.445	31.523	-46.203	1.73099843742345e-11	3.8982370591325e-12	-3.8982370591325e-12
4549.784	22.330	-27.816	2.76789574741035e-11	6.22699931911184e-12	-6.22699931911184e-12
4612.045	40.303	-39.931	1.75291116535159e-11	3.93156140796885e-12	-3.93156140796885e-12
4688.275	36.786	-35.926	1.96854936942183e-11	4.42869294199966e-12	-4.42869294199966e-12
4759.484	40.796	-34.424	1.88381696853554e-11	4.23806782633629e-12	-4.23806782633629e-12
4864.036	31.522	-63.756	1.41711069278535e-11	3.17518005438949e-12	-3.17518005438949e-12
4929.134	31.615	-33.576	2.09219504154781e-11	4.69730025256967e-12	-4.69730025256967e-12
5006.183	47.336	-45.434	1.46551853932671e-11	3.29366022334588e-12	-3.29366022334588e-12
5090.812	47.955	-37.293	1.59762753637453e-11	3.57964660649348e-12	-3.57964660649348e-12
5165.703	20.704	-26.935	2.83801700070674e-11	6.35886673379278e-12	-6.35886673379278e-12
5277.766	56.573	-91.359	8.65140550574247e-12	1.95428346571416e-12	-1.95428346571416e-12
5405.707	41.461	-71.368	1.17467558651832e-11	2.64538909954062e-12	-2.64538909954062e-12
5489.865	37.537	-42.698	1.69401944021554e-11	3.80720122947453e-12	-3.80720122947453e-12
5569.704	55.483	-42.302	2.16756816201086e-11	4.8759256336021e-12	-4.8759256336021e-12
5724.109	69.068	-98.922	1.38219423005018e-11	3.13416418538356e-12	-3.13416418538356e-12
5849.241	71.810	-56.063	1.16182057358345e-11	2.62172663846483e-12	-2.62172663846483e-12
5965.500	50.829	-44.449	1.45099326376467e-11	3.26101521649383e-12	-3.26101521649383e-12
6078.215	78.524	-61.886	9.7459280514537e-12	2.19703695879968e-12	-2.19703695879968e-12
6203.105	28.854	-46.366	1.76592885881563e-11	3.96478187490979e-12	-3.96478187490979e-12
6277.168	45.053	-45.21	1.44252834181392e-11	3.24199042088654e-12	-3.24199042088654e-12
6382.402	37.606	-60.18	1.37307403184621e-11	3.01371565029414e-12	-3.01371565029414e-12
6481.077	71.813	-61.07	1.01530909891715e-11	2.22631209851902e-12	-2.22631209851902e-12
9850.325	51.078	-64.258	1.02039922613332e-11	2.28689576916761e-12	-2.28689576916761e-12
9990.117	111.871	-88.714	5.75478035735287e-12	1.30616350042896e-12	-1.30616350042896e-12
10203.865	88.676	-101.877	6.42781831874567e-12	1.42117909091e-12	-1.42117909091e-12
11757.498	113.644	-127.058	4.09732103995628e-12	1.06942384133767e-12	-1.06942384133767e-12
11982.328	109.458	-111.186	6.05497663900084e-12	1.3632377876504e-12	-1.3632377876504e-12
12211.311	108.636	-119.525	7.89966464870742e-12	1.53013622588741e-12	-1.53013622588741e-12
15698.034	114.476	-193.923	3.15229682195042e-12	8.36396418845704e-13	-8.36396418845704e-13
16032.600	201.135	-220.09	4.17222714928392e-12	8.12039182616707e-13	-8.12039182616707e-13
21507.461	205.847	-182.787	2.53476791854005e-12	6.59930349755394e-13	-6.59930349755394e-13
21967.135	267.690	-253.826	2.61168288076754e-12	5.77417869522265e-13	-5.77417869522265e-13
39473.306	1001.566	-896.46	9.30494537797468e-13	1.83844994278692e-13	-1.83844994278692e-13
45480.929	1171.846	-620.874	4.17019706828255e-13	1.4564913317178e-13	-1.18973718282297e-13
NO NO NO NO NO NO
! xrtpcgamma
134.958	68.432	-63.176	1.59253670225018	0.587979636485913	-0.403461799742556
276.342	61.525	-72.953	1.75844367253192	0.30177488571965	-0.20814860890681
415.986	69.216	-78.119	1.85312807825186	0.355415163782677	-0.248186048688516
576.967	59.248	-91.765	1.81985010197569	0.281070826869635	-0.19817432106948
682.628	36.936	-46.413	1.7595983312334	0.325793527132817	-0.233207130340758
751.762	32.992	-32.198	1.75796777276601	0.362636051544923	-0.259770216487023
3995.091	25.415	-32.254	2.49956338449928	0.3516943353753	-0.261625302595877
4060.917	49.852	-40.412	2.50157424022337	0.35120439998458	-0.261260312147052
4142.315	31.137	-31.546	2.27971875532765	0.262620523754459	-0.191469995062728
4201.628	26.984	-28.177	2.1207861313475	0.322870105969851	-0.230938599070681
4275.249	46.134	-46.636	2.08702561610974	0.309327505937028	-0.221250770010666
4351.823	24.721	-30.44	2.19404431355908	0.284109455364972	-0.206547360755525
4414.238	30.004	-37.694	2.22498212053143	0.347292797506222	-0.253399406553583
4490.445	31.523	-46.203	1.92701969208961	0.267066079964637	-0.191811192042125
4549.784	22.330	-27.816	1.69849058174087	0.354694953566529	-0.252305517875302
4612.045	40.303	-39.931	1.6163792656731	0.278853138902137	-0.198598577507579
4688.275	36.786	-35.926	1.55198934202132	0.301400089621342	-0.2158068191369
4759.484	40.796	-34.424	1.59487572852782	0.295222766912269	-0.211079241425959
4864.036	31.522	-63.756	1.76990930899903	0.326339165834152	-0.229283672761491
4929.134	31.615	-33.576	1.8132875352685	0.343615984593694	-0.24122212667194
5006.183	47.336	-45.434	1.74581428521435	0.28485623474036	-0.201440432866262
5090.812	47.955	-37.293	1.74046453379804	0.333895433303432	-0.236807618612073
5165.703	20.704	-26.935	1.85976158191474	0.268733119623851	-0.191984115470239
5277.766	56.573	-91.359	2.00677178427016	0.362098165493339	-0.260587598744297
5405.707	41.461	-71.368	1.84474396243977	0.270547893902836	-0.19357273220933
5489.865	37.537	-42.698	1.74024173318093	0.355324018069037	-0.253511495006236
5569.704	55.483	-42.302	1.7637092253484	0.296276222017756	-0.211014663103421
5724.109	69.068	-98.922	1.85464980376593	0.349710123865171	-0.246186592747283
5849.241	71.810	-56.063	1.78403107475811	0.29229920095804	-0.206175046275256
5965.500	50.829	-44.449	1.66626193719913	0.3069981681135	-0.218365560866044
6078.215	78.524	-61.886	1.6821592670171	0.308333746540739	-0.220085193461581
6203.105	28.854	-46.366	1.83255217171295	0.222445590396111	-0.16612494107228
6277.168	45.053	-45.21	1.92031529508295	0.230155760920525	-0.178226085656742
6382.402	37.606	-60.18	1.99902671517315	0.267781823320753	-0.209163538712566
6481.077	71.813	-61.07	2.00660136294018	0.259103841151276	-0.202359782354576
9850.325	51.078	-64.258	2.21327870755999	0.317883932757074	-0.23888154975474
9990.117	111.871	-88.714	2.22023605020318	0.327899160948275	-0.246398238367018
10203.865	88.676	-101.877	2.26374833282595	0.298572561891884	-0.224348777119376
11757.498	113.644	-127.058	2.58695311866826	0.311005187762113	-0.2328434522465
11982.328	109.458	-111.186	2.63014998761375	0.34483302226498	-0.258153339578809
12211.311	108.636	-119.525	2.60551129312875	0.339308706492322	-0.254024935121023
15698.034	114.476	-193.923	2.06286477525167	0.215236727689553	-0.164755403477441
16032.600	201.135	-220.09	2.01730374776112	0.216437438626455	-0.166220022819081
21507.461	205.847	-182.787	1.38261571929988	0.394311925039243	-0.304563332827878
21967.135	267.690	-253.826	1.3369274264934	0.413042395461458	-0.31882642014065
39473.306	1001.566	-896.46	1.72083183676385	0.272098023309308	-0.210936699268047
45480.929	1171.846	-620.874	1.72083183676385	0.272098023309308	-0.210936699268047
